Time_s   F0_Hz
0.343946   280.963992
0.353946   278.194888
0.363946   276.859009
0.373946   277.378050
0.383946   277.444583
0.393946   277.209895
0.403946   276.603606
0.413946   275.754329
0.423946   274.891184
0.433946   274.266649
0.443946   274.067551
0.453946   274.359549
0.463946   275.095639
0.473946   276.148912
0.483946   277.369141
0.493946   278.596434
0.503946   279.677972
0.513946   280.472775
0.523946   280.886313
0.533946   280.945124
0.543946   280.837508
0.553946   280.933614
0.563946   281.638459
0.573946   283.188725
0.583946   285.466208
0.593946   288.020210
0.603946   290.264722
0.613946   291.678287
0.623946   291.920455
0.633946   290.888229
0.643946   288.758598
0.653946   286.077422
0.663946   283.923162
0.673946   283.467798
0.683946   285.137132
0.693946   288.743987
0.703946   293.695951
0.713946   299.243675
0.723946   304.974183
0.733946   311.109428
0.743946   317.472930
0.753946   320.921243
0.763946   321.222931
0.773946   319.954236
0.783946   317.813376
0.793946   315.761422
0.803946   314.682305
0.813946   315.313946
0.823946   318.252561
0.833946   323.921519
0.843946   331.844617
0.853946   340.139376
0.863946   347.209686
0.873946   352.770658
0.883946   356.947547
0.893946   359.078811
0.903946   358.890084
0.913946   357.227534
0.923946   355.077954
0.933946   353.281450
0.943946   352.538475
0.953946   353.413385
0.963946   356.232926
0.973946   361.121164
0.983946   368.019098
0.993946   375.682531
1.003946   382.252188
1.013946   386.572010
1.023946   388.221301
1.033946   387.523743
1.043946   385.363170
1.053946   382.884540
1.063946   381.196350
1.073946   381.225921
1.083946   383.695853
1.093946   389.027246
1.103946   396.995682
1.113946   406.648991
1.123946   416.985607
1.133946   426.285118
1.143946   432.994272
1.153946   436.528379
1.163946   436.893468
1.173946   434.608605
1.183946   430.603071
1.193946   426.014788
1.203946   421.956896
1.213946   419.317533
1.223946   418.652598
1.233946   420.155304
1.243946   423.648075
1.253946   428.590548
1.263946   434.149744
1.273946   439.387966
1.283946   443.469127
1.293946   445.814521
1.303946   446.124519
1.313946   444.330567
1.323946   440.562765
1.333946   435.202627
1.343946   428.940427
1.353946   422.726194
1.363946   417.545859
1.373946   414.155585
1.383946   412.917036
1.393946   413.827408
1.403946   416.629078
1.413946   420.913768
1.423946   426.162524
1.433946   431.718488
1.443946   436.775040
1.453946   440.468500
1.463946   442.096475
1.473946   441.314984
1.483946   438.253921
1.493946   433.513860
1.503946   427.994084
1.513946   422.609770
1.523946   418.050252
1.533946   414.742838
1.543946   412.935170
1.553946   412.778896
1.563946   414.321293
1.573946   417.461075
1.583946   421.923836
1.593946   427.260657
1.603946   432.865326
1.613946   438.002450
1.623946   441.915936
1.633946   444.008118
1.643946   443.984799
1.653946   441.898285
1.663946   438.121613
1.673946   433.302926
1.683946   428.273484
1.693946   423.869026
1.703946   420.742243
1.713946   419.244857
1.723946   419.450410
1.733946   421.230156
1.743946   424.329109
1.753946   428.407345
1.763946   433.040185
1.773946   437.685618
1.783946   441.686459
1.793946   444.370822
1.803946   445.215500
1.813946   444.002039
1.823946   440.901259
1.833946   436.490025
1.843946   431.620371
1.853946   427.183164
1.863946   423.856391
1.873946   421.985133
1.883946   421.619446
1.893946   422.660638
1.903946   424.974188
1.913946   428.402250
1.923946   432.657876
1.933946   437.237334
1.943946   441.467412
1.953946   444.693648
1.963946   446.466045
1.973946   446.588659
1.983946   445.063024
1.993946   442.047109
2.003946   437.884246
2.013946   433.145962
2.023946   428.571321
2.033946   424.896937
2.043946   422.683760
2.053946   422.229075
2.063946   423.573335
2.073946   426.525110
2.083946   430.671601
2.093946   435.403348
2.103946   439.981656
2.113946   443.670362
2.123946   445.879403
2.133946   446.252719
2.143946   444.694292
2.153946   441.372070
2.163946   436.734764
2.173946   431.491778
2.183946   426.503646
2.193946   422.579453
2.203946   420.303485
2.213946   419.953978
2.223946   421.519820
2.233946   424.735629
2.243946   429.137041
2.253946   434.116613
2.263946   438.991887
2.273946   443.095976
2.283946   445.885187
2.293946   447.004224
2.303946   446.306771
2.313946   443.854374
2.323946   439.960160
2.333946   435.226044
2.343946   430.456225
2.353946   426.427750
2.363946   423.647367
2.373946   422.268705
2.383946   422.163768
2.393946   423.048621
2.403946   424.531817
2.413946   426.071114
2.423946   426.922273
2.433946   426.203670
2.443946   423.107934
2.453946   417.151407
2.463946   408.390301
2.473946   397.487438
2.483946   384.928418
2.493946   372.087379
2.503946   361.517588
2.513946   354.123176
2.523946   349.545983
2.533946   347.527673
2.543946   347.769869
2.553946   349.157552
2.563946   350.472745
2.573946   351.060101
2.583946   350.815977
2.593946   349.979785
2.603946   348.879724
2.613946   347.849141
2.623946   347.268057
2.633946   347.476745
2.643946   348.561314
2.653946   350.234651
2.663946   351.967856
2.673946   353.193238
2.683946   353.462559
2.693946   352.607683
2.703946   350.784044
2.713946   348.364077
2.723946   345.824741
2.733946   343.690491
2.743946   342.413729
2.753946   342.180909
2.763946   342.964475
2.773946   344.693457
2.783946   347.190609
2.793946   350.059999
2.803946   352.715861
2.813946   354.465188
2.823946   354.709756
2.833946   353.455589
2.843946   351.347946
2.853946   349.244516
2.863946   348.000028
2.873946   348.371812
2.883946   350.745785
2.893946   355.045285
2.903946   361.253916
2.913946   369.375310
2.923946   377.641928
2.933946   384.349328
2.943946   388.697999
2.953946   390.386151
2.963946   389.688631
2.973946   387.410500
2.983946   384.718194
2.993946   382.831613
3.003946   382.720255
3.013946   384.980857
3.023946   389.790039
3.033946   396.748233
3.043946   404.930313
3.053946   413.349720
3.063946   420.655355
3.073946   425.614564
3.083946   427.886971
3.093946   427.826416
3.103946   426.321188
3.113946   424.571473
3.123946   423.799220
3.133946   424.977315
3.143946   428.647209
3.153946   434.824339
3.163946   442.960438
3.173946   452.014954
3.183946   460.680047
3.193946   467.685740
3.203946   472.120391
3.213946   473.713265
3.223946   472.957324
3.233946   470.985238
3.243946   469.214414
3.253946   468.854481
3.263946   470.527592
3.273946   474.109073
3.283946   478.878598
3.293946   483.878815
3.303946   488.336108
3.313946   491.916490
3.323946   494.703870
3.333946   496.914849
3.343946   498.582155
3.353946   499.482830
3.363946   499.409246
3.373946   498.506812
3.383946   497.355003
3.393946   496.732869
3.403946   497.275400
3.413946   499.249061
3.423946   335.017583
3.433946   337.826683
3.443946   340.976959
3.453946   344.206655
3.463946   347.223639
3.473946   349.642371
3.483946   351.031227
3.493946   351.062443
3.503946   349.617414
3.513946   346.787413
3.523946   342.836319
3.533946   338.203814
3.543946   333.506285
3.553946   329.453427
3.563946   326.672102
3.573946   325.549049
3.583946   326.182292
3.593946   328.408792
3.603946   331.867935
3.613946   336.064601
3.623946   340.445412
3.633946   344.501687
3.643946   347.862355
3.653946   350.311846
3.663946   351.723232
3.673946   351.979313
3.683946   350.977200
3.693946   348.726663
3.703946   345.451619
3.713946   341.615615
3.723946   337.841151
3.733946   334.773123
3.743946   332.941199
3.753946   332.657030
3.763946   333.969250
3.773946   336.671755
3.783946   340.349902
3.793946   344.452553
3.803946   348.360437
3.813946   351.474058
3.823946   353.319621
3.833946   353.637198
3.843946   352.409569
3.853946   349.831968
3.863946   346.256651
3.873946   342.137443
3.883946   337.990389
3.893946   334.342709
3.903946   331.663981
3.913946   330.293151
3.923946   330.395338
3.933946   331.950082
3.943946   334.767569
3.953946   338.507199
3.963946   342.690765
3.973946   346.733228
3.983946   350.012413
3.993946   351.983120
4.003946   352.290136
4.013946   350.828464
4.023946   347.758045
4.033946   343.487437
4.043946   338.624614
4.053946   333.874555
4.063946   329.903366
4.073946   327.231989
4.083946   326.197757
4.093946   326.954738
4.103946   329.463925
4.113946   333.458872
4.123946   338.419227
4.133946   343.616843
4.143946   348.253993
4.153946   351.652860
4.163946   353.395669
4.173946   353.371330
4.183946   351.737821
4.193946   348.857516
4.203946   345.228065
4.213946   341.406830
4.223946   337.930487
4.233946   335.253074
4.243946   333.706397
4.253946   333.480665
4.263946   334.614839
4.273946   336.999214
4.283946   340.386358
4.293946   344.412405
4.303946   348.610674
4.313946   352.436172
4.323946   355.334367
4.333946   356.847975
4.343946   356.719613
4.353946   354.951234
4.363946   351.818426
4.373946   347.839236
4.383946   343.680402
4.393946   340.012098
4.403946   337.376077
4.413946   336.110304
4.423946   336.345665
4.433946   338.028668
4.443946   340.932403
4.453946   344.657290
4.463946   348.648952
4.473946   352.274405
4.483946   354.945943
4.493946   356.242296
4.503946   355.976321
4.513946   354.204530
4.523946   351.216361
4.533946   347.501909
4.543946   343.686616
4.553946   340.421738
4.563946   338.252593
4.573946   337.511546
4.583946   338.274255
4.593946   340.367696
4.603946   343.426225
4.613946   346.958682
4.623946   350.422287
4.633946   353.287029
4.643946   355.105099
4.653946   355.584404
4.663946   354.652868
4.673946   352.491264
4.683946   349.533540
4.693946   346.400940
4.703946   343.775321
4.713946   342.235830
4.723946   342.110527
4.733946   343.387999
4.743946   345.703417
4.753946   348.404003
4.763946   350.704097
4.773946   351.907952
4.783946   351.636434
4.793946   349.975174
4.803946   347.458418
4.813946   344.846613
4.823946   342.804433
4.833946   341.683155
4.843946   341.525434
4.853946   342.203697
4.863946   343.547905
4.873946   345.387126
4.883946   347.521739
4.893946   349.679396
4.903946   351.532669
4.913946   352.785524
4.923946   353.284774
4.933946   353.066477
4.943946   352.322007
4.953946   351.308514
4.963946   350.265446
4.973946   349.364780
4.983946   348.685923
4.993946   348.203936
5.003946   347.821444
5.013946   347.459239
5.023946   347.152725
5.033946   347.071518
5.043946   347.418570
5.053946   348.279345
5.063946   349.527060
5.073946   350.840346
5.083946   351.832969
5.093946   352.216611
5.103946   351.933262
5.113946   351.194855
5.123946   350.394712
5.133946   349.895744
5.143946   349.815475
5.153946   349.964573
5.163946   350.011484
5.173946   349.723071
5.183946   349.087754
5.193946   348.231406
5.203946   347.288894
5.213946   346.368120
5.223946   345.606671
5.233946   345.167785
5.243946   345.135991
5.253946   346.550856
5.263946   353.312812
5.273946   309.324347
5.283946   --undefined--
5.293946   --undefined--
