Time_s   F0_Hz
0.024456   237.864488
0.034456   238.262753
0.044456   238.976879
0.054456   239.716781
0.064456   240.252294
0.074456   240.537215
0.084456   240.598360
0.094456   240.531161
0.104456   240.423472
0.114456   240.306346
0.124456   240.176762
0.134456   240.056248
0.144456   240.013695
0.154456   240.121299
0.164456   240.391084
0.174456   240.752890
0.184456   241.112265
0.194456   241.458300
0.204456   241.981162
0.214456   243.137486
0.224456   245.635457
0.234456   250.399194
0.244456   258.227284
0.254456   268.859514
0.264456   280.281725
0.274456   291.477544
0.284456   301.282515
0.294456   309.450290
0.304456   318.121369
0.314456   322.726142
0.324456   321.509207
0.334456   318.505944
0.344456   314.916674
0.354456   311.890586
0.364456   310.001343
0.374456   309.479634
0.384456   310.321658
0.394456   312.340428
0.404456   315.169099
0.414456   318.217108
0.424456   320.855729
0.434456   322.761000
0.444456   323.839517
0.454456   324.124936
0.464456   323.809670
0.474456   323.178010
0.484456   322.504704
0.494456   321.975990
0.504456   321.698958
0.514456   321.806060
0.524456   322.536497
0.534456   324.248119
0.544456   327.352421
0.554456   332.177123
0.564456   338.732949
0.574456   346.376769
0.584456   354.385329
0.594456   363.721709
0.604456   374.605659
0.614456   383.730343
0.624456   390.865128
0.634456   396.065464
0.644456   399.364345
0.654456   400.934267
0.664456   401.162922
0.674456   400.649434
0.684456   400.035158
0.694456   399.787472
0.704456   400.081726
0.714456   400.801914
0.724456   401.665934
0.734456   402.380454
0.744456   402.784484
0.754456   402.892204
0.764456   402.855443
0.774456   402.875095
0.784456   403.111724
0.794456   403.630359
0.804456   404.386537
0.814456   405.253161
0.824456   406.037745
0.834456   406.488426
0.844456   406.243974
0.854456   404.776954
0.864456   401.345232
0.874456   395.004755
0.884456   384.508883
0.894456   368.734888
0.904456   351.084470
0.914456   331.400630
0.924456   308.634993
0.934456   295.042468
0.944456   282.227830
0.954456   259.921456
0.964456   249.696852
0.974456   245.436718
0.984456   244.051413
0.994456   244.390200
1.004456   245.770557
1.014456   247.716315
1.024456   249.860815
1.034456   251.892956
1.044456   253.570970
1.054456   254.758591
1.064456   255.449974
1.074456   255.718590
1.084456   255.633394
1.094456   255.190396
1.104456   254.318571
1.114456   252.952279
1.124456   251.139419
1.134456   249.077573
1.144456   247.063294
1.154456   245.357060
1.164456   244.099123
1.174456   243.299350
1.184456   242.872322
1.194456   242.695550
1.204456   242.648807
1.214456   242.659616
1.224456   242.721304
1.234456   242.880936
1.244456   243.204108
1.254456   243.735905
1.264456   244.474170
1.274456   245.347548
1.284456   246.218013
1.294456   246.904735
1.304456   247.213536
1.314456   246.936882
1.324456   245.840187
1.334456   243.671166
1.344456   240.285935
1.354456   235.850934
1.364456   230.765385
1.374456   224.926343
1.384456   219.077267
1.394456   214.905922
1.404456   212.502559
1.414456   211.875311
1.424456   213.191850
1.434456   216.895060
1.444456   223.625633
1.454456   232.640514
1.464456   243.632947
1.474456   260.739289
1.484456   275.402580
1.494456   287.724569
1.504456   298.711337
1.514456   307.688220
1.524456   318.143469
1.534456   330.385065
1.544456   336.584739
1.554456   341.021152
1.564456   344.302981
1.574456   346.913019
1.584456   349.121163
1.594456   351.067233
1.604456   352.770655
1.614456   354.140033
1.624456   354.992027
1.634456   355.101215
1.644456   354.254226
1.654456   352.276988
1.664456   349.017364
1.674456   344.262699
1.684456   337.526465
1.694456   328.714683
1.704456   319.477777
1.714456   311.197095
1.724456   304.489311
1.734456   299.491483
1.744456   296.332229
1.754456   295.631231
1.764456   297.843967
1.774456   302.248847
1.784456   308.094779
1.794456   316.031376
1.804456   326.377824
1.814456   334.646120
1.824456   341.310602
1.834456   346.640942
1.844456   350.837903
1.854456   354.085029
1.864456   356.393815
1.874456   357.816938
1.884456   358.621788
1.894456   359.129145
1.904456   359.578130
1.914456   360.103720
1.924456   360.751974
1.934456   361.504648
1.944456   362.296550
1.954456   363.037850
1.964456   363.621791
1.974456   363.956845
1.984456   364.001665
1.994456   363.774724
2.004456   363.325187
2.014456   362.686267
2.024456   361.875203
2.034456   360.931053
2.044456   360.039097
2.054456   359.546827
2.064456   359.945542
2.074456   361.749476
2.084456   365.402033
2.094456   371.150983
2.104456   378.782225
2.114456   387.425053
2.124456   395.937472
2.134456   402.889748
2.144456   406.973907
2.154456   406.833314
2.164456   401.640184
2.174456   391.263356
2.184456   375.790777
2.194456   358.579659
2.204456   343.958734
2.214456   327.435593
2.224456   313.253912
2.234456   304.107284
2.244456   297.095195
2.254456   290.850313
2.264456   284.708520
2.274456   280.296906
2.284456   277.790963
2.294456   275.859292
2.304456   274.311496
2.314456   273.097899
2.324456   272.153247
2.334456   271.413315
2.344456   270.724727
2.354456   269.912797
2.364456   268.897605
2.374456   267.777399
2.384456   266.846872
2.394456   266.439644
2.404456   266.798705
2.414456   267.974292
2.424456   269.816183
2.434456   272.076111
2.444456   274.446808
2.454456   276.707918
2.464456   278.656652
2.474456   280.154693
2.484456   281.032802
2.494456   281.165926
2.504456   280.502041
2.514456   279.102514
2.524456   277.162755
2.534456   274.900754
2.544456   272.586241
2.554456   270.458997
2.564456   268.754865
2.574456   267.576227
2.584456   266.952226
2.594456   266.810927
2.604456   267.038978
2.614456   267.508148
2.624456   268.096310
2.634456   268.645729
2.644456   268.937210
2.654456   268.661064
2.664456   267.482936
2.674456   265.173295
2.684456   261.711495
2.694456   257.487910
2.704456   253.146842
2.714456   249.491218
2.724456   247.016668
2.734456   245.909978
2.744456   246.025396
2.754456   247.054595
2.764456   248.607473
2.774456   250.306738
2.784456   251.905750
2.794456   253.213851
2.804456   254.099436
2.814456   254.430686
2.824456   254.125412
2.834456   253.170344
2.844456   251.639584
2.854456   249.689683
2.864456   247.549219
2.874456   245.392939
2.884456   243.371642
2.894456   241.526111
2.904456   239.905475
2.914456   238.555045
2.924456   237.590257
2.934456   237.121579
2.944456   237.233895
2.954456   237.910882
2.964456   239.015670
2.974456   240.343931
2.984456   241.651094
2.994456   242.763320
3.004456   243.601264
3.014456   244.161555
3.024456   244.482613
3.034456   244.626937
3.044456   244.830279
3.054456   284.570862
3.064456   298.638439
